#include "dec.h"
#include <iostream>
#include "stdio.h"
#include "stdint.h"
#define _COMPLEX_MULTIPLIER_H_
#include <complex>
using namespace std;

int main ()
{
	matrix_t array[row][column] = {{2.16378547e+12
				,2.36672044e+12-1.99078871e+10i
				,2.69746517e+12+7.45078653e+11i
				,2.70693774e+12+1.36291536e+12i
				,1.11178154e+12+2.84350009e+12i
				,1.27692628e+11+2.96306711e+12i
				,-9.09772456e+11+2.92821926e+12i
				,-2.1486899e+12+2.21516713e+12i
				,-2.51656248e+12+8.77629407e+11i
				,-2.1198652e+12-1.68504115e+11i
				,-1.75760815e+12-3.21382384e+11i
				,-1.36181422e+12+1.14157797e+11i
				,-1.05290976e+12+4.08199725e+11i
				,-9.4306671e+11+6.26291048e+11i
				,-4.47627526e+11+7.89104427e+11i
				,8.94101094e+10+8.83063325e+11i
				,4.4284058e+11+1.08527026e+12i
				,3.95458707e+11+5.96175159e+11i
				,1.04992965e+12+1.03668043e+12i
				,1.48529689e+12+7.0489709e+11i
				,1.79385913e+12+3.90046581e+11i
				,1.46572182e+12-6.14539395e+11i
				,1.78311214e+12-5.16998922e+11i
				,1.96608026e+12-2.07618294e+11i},
				{2.36672044e+12+1.99078871e+10i
				,2.59670226e+12
				,2.95659189e+12+8.50413289e+11i
				,2.95936852e+12+1.52973764e+12i
				,1.18106502e+12+3.13832636e+12i
				,9.99877509e+10+3.25299759e+12i
				,-1.03413514e+12+3.20283843e+12i
				,-2.38161599e+12+2.40231567e+12i
				,-2.76400334e+12+9.30198585e+11i
				,-2.31266373e+12-2.02643096e+11i
				,-1.91591783e+12-3.62142499e+11i
				,-1.48115698e+12+1.2523461e+11i
				,-1.14140512e+12+4.53143626e+11i
				,-1.02412124e+12+6.9652906e+11i
				,-4.7711794e+11+8.84005274e+11i
				,1.19930159e+11+9.89122265e+11i
				,5.11237423e+11+1.1965458e+12i
				,4.57389638e+11+6.38064656e+11i
				,1.16085948e+12+1.12468335e+12i
				,1.62788527e+12+7.63118617e+11i
				,1.95959194e+12+4.26256859e+11i
				,1.60301908e+12-6.69920592e+11i
				,1.95032606e+12-5.5554959e+11i
				,2.15788447e+12-2.10929697e+11i},
				{2.69746517e+12-7.45078653e+11i
				,2.95659189e+12-8.50413289e+11i
				,3.65623247e+12
				,3.8827608e+12+7.75662141e+11i
				,2.3754404e+12+3.20530206e+12i
				,1.1735099e+12+3.68655047e+12i
				,-1.35107789e+11+3.99611973e+12i
				,-1.93697114e+12+3.51622686e+12i
				,-2.85140346e+12+1.95410028e+12i
				,-2.6928842e+12+5.14343404e+11i
				,-2.28863535e+12+2.07806218e+11i
				,-1.62505962e+12+6.18727539e+11i
				,-1.1258879e+12+8.78319829e+11i
				,-9.09931971e+11+1.12017565e+12i
				,-2.17998361e+11+1.15144078e+12i
				,4.97748574e+11+1.06476025e+12i
				,9.94986099e+11+1.15777641e+12i
				,7.2406709e+11+5.3504095e+11i
				,1.67682467e+12+8.68737483e+11i
				,2.08131116e+12+3.17400351e+11i
				,2.34968318e+12-1.61853047e+11i
				,1.58990716e+12-1.28231211e+12i
				,2.02745931e+12-1.2632604e+12i
				,2.38584594e+12-9.47220906e+11i},
				{2.70693774e+12-1.36291536e+12i
				,2.95936852e+12-1.52973764e+12i
				,3.8827608e+12-7.75662141e+11i
				,4.29096174e+12
				,3.2061071e+12+2.90203579e+12i
				,2.03214343e+12+3.6696123e+12i
				,7.07586294e+11+4.27780892e+12i
				,-1.3117708e+12+4.15301973e+12i
				,-2.61917744e+12+2.6868874e+12i
				,-2.75966539e+12+1.1197578e+12i
				,-2.3939572e+12+7.05656848e+11i
				,-1.60156156e+12+1.00053018e+12i
				,-1.01615927e+12+1.16976281e+12i
				,-7.34429643e+11+1.38113201e+12i
				,6.7109847e+09+1.2658901e+12i
				,7.48394185e+11+1.02322189e+12i
				,1.29819646e+12+1.02097191e+12i
				,8.80320709e+11+4.18901885e+11i
				,1.96662945e+12+5.695353e+11i
				,2.28107328e+12-1.04922595e+11i
				,2.46265571e+12-6.73250607e+11i
				,1.41433713e+12-1.70057479e+12i
				,1.88376783e+12-1.77257369e+12i
				,2.32960714e+12-1.51200544e+12i},
				{1.11178154e+12-2.84350009e+12i
				,1.18106502e+12-3.13832636e+12i
				,2.3754404e+12-3.20530206e+12i
				,3.2061071e+12-2.90203579e+12i
				,4.36610558e+12
				,4.00660103e+12+1.37302521e+12i
				,3.4227956e+12+2.72349947e+12i
				,1.82287663e+12+3.99909008e+12i
				,-1.53042174e+11+3.78553919e+12i
				,-1.32211776e+12+2.69660586e+12i
				,-1.32541396e+12+2.1347829e+12i
				,-5.38681901e+11+1.81512267e+12i
				,9.50992486e+09+1.54437983e+12i
				,3.64033343e+11+1.50951245e+12i
				,8.35421143e+11+9.19008313e+11i
				,1.21776688e+12+2.40968253e+11i
				,1.62263859e+12-1.12589619e+11i
				,9.11563489e+11-2.59420979e+11i
				,1.83643603e+12-8.77131071e+11i
				,1.63080333e+12-1.59270856e+12i
				,1.39231442e+12-2.1464622e+12i
				,-7.91805051e+10-2.21597716e+12i
				,2.23348244e+11-2.5904302e+12i
				,7.22143281e+11-2.69946454e+12i},
				{1.27692628e+11-2.96306711e+12i
				,9.99877509e+10-3.25299759e+12i
				,1.1735099e+12-3.68655047e+12i
				,2.03214343e+12-3.6696123e+12i
				,4.00660103e+12-1.37302521e+12i
				,4.1106203e+12
				,3.99994048e+12+1.42541822e+12i
				,2.93285161e+12+3.10190172e+12i
				,1.05054392e+12+3.52936683e+12i
				,-3.70348982e+11+2.89919703e+12i
				,-5.51806566e+11+2.38271594e+12i
				,6.92871823e+10+1.84455489e+12i
				,4.8751385e+11+1.42535806e+12i
				,8.01388364e+11+1.28220974e+12i
				,1.04786605e+12+5.93746395e+11i
				,1.18923015e+12-1.45709892e+11i
				,1.45954911e+12-5.97063762e+11i
				,7.68441582e+11-5.14804679e+11i
				,1.42440871e+12-1.37818158e+12i
				,1.00943593e+12-1.97808449e+12i
				,6.11289596e+11-2.41518458e+12i
				,-7.67830131e+11-2.01643839e+12i
				,-6.08684671e+11-2.45434941e+12i
				,-1.85118147e+11-2.70605169e+12i},
				{-9.09772456e+11-2.92821926e+12i
				,-1.03413514e+12-3.20283843e+12i
				,-1.35107789e+11-3.99611973e+12i
				,7.07586294e+11-4.27780892e+12i
				,3.4227956e+12-2.72349947e+12i
				,3.99994048e+12-1.42541822e+12i
				,4.38965502e+12
				,3.93309559e+12+2.00118764e+12i
				,2.25035734e+12+3.06981634e+12i
				,6.51183325e+11+2.95314234e+12i
				,2.95161266e+11+2.51489183e+12i
				,7.16852363e+11+1.7758771e+12i
				,9.80810269e+11+1.22192423e+12i
				,1.23746687e+12+9.75132099e+11i
				,1.24127989e+12+2.18851754e+11i
				,1.1254707e+12-5.54019127e+11i
				,1.23104513e+12-1.09687584e+12i
				,5.78234155e+11-7.84845177e+11i
				,9.11903228e+11-1.85383256e+12i
				,2.91547611e+11-2.29217403e+12i
				,-2.52727951e+11-2.57421633e+12i
				,-1.45851469e+12-1.69829112e+12i
				,-1.45422234e+12-2.17788357e+12i
				,-1.12379861e+12-2.57081344e+12i},
				{-2.1486899e+12-2.21516713e+12i
				,-2.38161599e+12-2.40231567e+12i
				,-1.93697114e+12-3.51622686e+12i
				,-1.3117708e+12-4.15301973e+12i
				,1.82287663e+12-3.99909008e+12i
				,2.93285161e+12-3.10190172e+12i
				,3.93309559e+12-2.00118764e+12i
				,4.44053796e+12
				,3.42316915e+12+1.72786555e+12i
				,1.93473951e+12+2.36055717e+12i
				,1.41169158e+12+2.13129678e+12i
				,1.45367092e+12+1.281484e+12i
				,1.43922758e+12+6.67548582e+11i
				,1.55544492e+12+3.30021372e+11i
				,1.2153992e+12-3.45126928e+11i
				,7.66367564e+11-9.84388731e+11i
				,6.24710779e+11-1.52833072e+12i
				,1.85548259e+11-9.66201967e+11i
				,-7.11676723e+09-2.08216379e+12i
				,-7.70500592e+11-2.19875534e+12i
				,-1.39364821e+12-2.20316199e+12i
				,-2.0807001e+12-8.6688904e+11i
				,-2.29613529e+12-1.29739522e+12i
				,-2.17389702e+12-1.79394996e+12i},
				{-2.51656248e+12-8.77629407e+11i
				,-2.76400334e+12-9.30198585e+11i
				,-2.85140346e+12-1.95410028e+12i
				,-2.61917744e+12-2.6868874e+12i
				,-1.53042174e+11-3.78553919e+12i
				,1.05054392e+12-3.52936683e+12i
				,2.25035734e+12-3.06981634e+12i
				,3.42316915e+12-1.72786555e+12i
				,3.3160828e+12
				,2.41664262e+12+1.07497934e+12i
				,1.9209814e+12+1.10462501e+12i
				,1.62572272e+12+4.38419849e+11i
				,1.37860088e+12-2.642509e+10i
				,1.33572094e+12-3.3028581e+11i
				,8.14432911e+11-7.14136748e+11i
				,2.27564749e+11-1.03385963e+12i
				,-8.49575199e+10-1.41133729e+12i
				,-2.06411792e+11-8.24562942e+11i
				,-7.94986807e+11-1.61349213e+12i
				,-1.43835962e+12-1.41059188e+12i
				,-1.92686457e+12-1.16929633e+12i
				,-1.94217456e+12+1.30327757e+11i
				,-2.27584193e+12-1.15921256e+11i
				,-2.36710973e+12-5.41469966e+11i},
				{-2.1198652e+12+1.68504115e+11i
				,-2.31266373e+12+2.02643096e+11i
				,-2.6928842e+12-5.14343404e+11i
				,-2.75966539e+12-1.1197578e+12i
				,-1.32211776e+12-2.69660586e+12i
				,-3.70348982e+11-2.89919703e+12i
				,6.51183325e+11-2.95314234e+12i
				,1.93473951e+12-2.36055717e+12i
				,2.41664262e+12-1.07497934e+12i
				,2.12166784e+12
				,1.77196106e+12+1.87465695e+11i
				,1.35184305e+12-2.04092211e+11i
				,1.0277562e+12-4.6538077e+11i
				,9.00683268e+11-6.70539907e+11i
				,4.05503607e+11-7.84490168e+11i
				,-1.22085704e+11-8.41404121e+11i
				,-4.85788156e+11-1.03636881e+12i
				,-4.12841935e+11-5.78019131e+11i
				,-1.10532402e+12-9.5534488e+11i
				,-1.52055408e+12-5.87782029e+11i
				,-1.79830732e+12-2.41782194e+11i
				,-1.38745899e+12+7.19344108e+11i
				,-1.70609004e+12+6.48377074e+11i
				,-1.89778651e+12+3.59659602e+11i},
				{-1.75760815e+12+3.21382384e+11i
				,-1.91591783e+12+3.62142499e+11i
				,-2.28863535e+12-2.07806218e+11i
				,-2.3939572e+12-7.05656848e+11i
				,-1.32541396e+12-2.1347829e+12i
				,-5.51806566e+11-2.38271594e+12i
				,2.95161266e+11-2.51489183e+12i
				,1.41169158e+12-2.13129678e+12i
				,1.9209814e+12-1.10462501e+12i
				,1.77196106e+12-1.87465695e+11i
				,1.4997038e+12
				,1.11951269e+12-2.9446357e+11i
				,8.28598649e+11-4.87756661e+11i
				,7.06892136e+11-6.47419265e+11i
				,2.86805131e+11-7.04373719e+11i
				,-1.61095729e+11-7.12605172e+11i
				,-4.93126287e+11-8.46824014e+11i
				,-4.06411477e+11-4.64965403e+11i
				,-1.01661789e+12-7.15195286e+11i
				,-1.33224294e+12-3.6532319e+11i
				,-1.53110682e+12-4.89219441e+10i
				,-1.1038197e+12+7.21408033e+11i
				,-1.37392449e+12+6.89044193e+11i
				,-1.55672746e+12+4.57573794e+11i},
				{-1.36181422e+12-1.14157797e+11i
				,-1.48115698e+12-1.2523461e+11i
				,-1.62505962e+12-6.18727539e+11i
				,-1.60156156e+12-1.00053018e+12i
				,-5.38681901e+11-1.81512267e+12i
				,6.92871823e+10-1.84455489e+12i
				,7.16852363e+11-1.7758771e+12i
				,1.45367092e+12-1.281484e+12i
				,1.62572272e+12-4.38419849e+11i
				,1.35184305e+12+2.04092211e+11i
				,1.11951269e+12+2.9446357e+11i
				,9.1114537e+11
				,7.42987727e+11-2.03491279e+11i
				,6.88480584e+11-3.41330821e+11i
				,4.01769726e+11-4.71230185e+11i
				,7.64349972e+10-5.82003458e+11i
				,-1.61482179e+11-7.68267911e+11i
				,-2.08668328e+11-4.77109158e+11i
				,-6.16599519e+11-7.71379823e+11i
				,-9.30371994e+11-5.60998384e+11i
				,-1.13847684e+12-3.53500299e+11i
				,-9.74981038e+11+3.09791031e+11i
				,-1.16203769e+12+2.3434992e+11i
				,-1.23734301e+12+1.64095939e+10i},
				{-1.05290976e+12-4.08199725e+11i
				,-1.14140512e+12-4.53143626e+11i
				,-1.1258879e+12-8.78319829e+11i
				,-1.01615927e+12-1.16976281e+12i
				,9.50992486e+09-1.54437983e+12i
				,4.8751385e+11-1.42535806e+12i
				,9.80810269e+11-1.22192423e+12i
				,1.43922758e+12-6.67548582e+11i
				,1.37860088e+12+2.642509e+10i
				,1.0277562e+12+4.6538077e+11i
				,8.28598649e+11+4.87756661e+11i
				,7.42987727e+11+2.03491279e+11i
				,6.63504224e+11
				,6.55612248e+11-1.18696411e+11i
				,4.68325892e+11-2.92936483e+11i
				,2.37419069e+11-4.69457502e+11i
				,7.32417802e+10-6.87331082e+11i
				,-6.17824748e+10-4.70021964e+11i
				,-3.20997491e+11-7.86788844e+11i
				,-6.25604035e+11-6.79380517e+11i
				,-8.35362554e+11-5.52687829e+11i
				,-8.57977455e+11+1.7866795e+10i
				,-9.83740056e+11-8.4165591e+10i
				,-9.8281436e+11-2.84747235e+11i},
				{-9.4306671e+11-6.26291048e+11i
				,-1.02412124e+12-6.9652906e+11i
				,-9.09931971e+11-1.12017565e+12i
				,-7.34429643e+11-1.38113201e+12i
				,3.64033343e+11-1.50951245e+12i
				,8.01388364e+11-1.28220974e+12i
				,1.23746687e+12-9.75132099e+11i
				,1.55544492e+12-3.30021372e+11i
				,1.33572094e+12+3.3028581e+11i
				,9.00683268e+11+6.70539907e+11i
				,7.06892136e+11+6.47419265e+11i
				,6.88480584e+11+3.41330821e+11i
				,6.55612248e+11+1.18696411e+11i
				,6.77762761e+11
				,5.33450621e+11-2.20291875e+11i
				,3.37168761e+11-4.50847801e+11i
				,2.03437375e+11-6.94694969e+11i
				,6.55532851e+09-4.91568857e+11i
				,-1.73867385e+11-8.4890452e+11i
				,-4.90022896e+11-7.97142614e+11i
				,-7.13698705e+11-7.14115449e+11i
				,-8.51797737e+11-1.57274472e+11i
				,-9.489949e+11-2.87212831e+11i
				,-9.06704323e+11-4.95596405e+11i},
				{-4.47627526e+11-7.89104427e+11i
				,-4.7711794e+11-8.84005274e+11i
				,-2.17998361e+11-1.15144078e+12i
				,6.7109847e+09-1.2658901e+12i
				,8.35421143e+11-9.19008313e+11i
				,1.04786605e+12-5.93746395e+11i
				,1.24127989e+12-2.18851754e+11i
				,1.2153992e+12+3.45126928e+11i
				,8.14432911e+11+7.14136748e+11i
				,4.05503607e+11+7.84490168e+11i
				,2.86805131e+11+7.04373719e+11i
				,4.01769726e+11+4.71230185e+11i
				,4.68325892e+11+2.92936483e+11i
				,5.33450621e+11+2.20291875e+11i
				,5.24653068e+11
				,4.65119412e+11-2.58195194e+11i
				,4.20190159e+11-4.99963789e+11i
				,1.54629063e+11-4.19880567e+11i
				,1.50533767e+11-7.19305769e+11i
				,-1.01329273e+11-7.70210333e+11i
				,-2.81103401e+11-7.74205407e+11i
				,-5.73537911e+11-4.15681544e+11i
				,-5.87243848e+11-5.43391908e+11i
				,-4.68366393e+11-6.98076627e+11i},
				{8.94101094e+10-8.83063325e+11i
				,1.19930159e+11-9.89122265e+11i
				,4.97748574e+11-1.06476025e+12i
				,7.48394185e+11-1.02322189e+12i
				,1.21776688e+12-2.40968253e+11i
				,1.18923015e+12+1.45709892e+11i
				,1.1254707e+12+5.54019127e+11i
				,7.66367564e+11+9.84388731e+11i
				,2.27564749e+11+1.03385963e+12i
				,-1.22085704e+11+8.41404121e+11i
				,-1.61095729e+11+7.12605172e+11i
				,7.64349972e+10+5.82003458e+11i
				,2.37419069e+11+4.69457502e+11i
				,3.37168761e+11+4.50847801e+11i
				,4.65119412e+11+2.58195194e+11i
				,5.58824882e+11
				,6.27043598e+11-2.28609982e+11i
				,3.27695729e+11-3.02532493e+11i
				,4.93677085e+11-5.2681959e+11i
				,3.18607491e+11-6.8788473e+11i
				,1.86988921e+11-7.79236671e+11i
				,-2.41747624e+11-6.48668971e+11i
				,-1.72307186e+11-7.59276372e+11i
				,1.80057129e+10-8.34537652e+11i},
				{4.4284058e+11-1.08527026e+12i
				,5.11237423e+11-1.1965458e+12i
				,9.94986099e+11-1.15777641e+12i
				,1.29819646e+12-1.02097191e+12i
				,1.62263859e+12+1.12589619e+11i
				,1.45954911e+12+5.97063762e+11i
				,1.23104513e+12+1.09687584e+12i
				,6.24710779e+11+1.52833072e+12i
				,-8.49575199e+10+1.41133729e+12i
				,-4.85788156e+11+1.03636881e+12i
				,-4.93126287e+11+8.46824014e+11i
				,-1.61482179e+11+7.68267911e+11i
				,7.32417802e+10+6.87331082e+11i
				,2.03437375e+11+6.94694969e+11i
				,4.20190159e+11+4.99963789e+11i
				,6.27043598e+11+2.28609982e+11i
				,8.22600335e+11
				,5.18213763e+11-1.86117964e+11i
				,8.27470512e+11-4.24975139e+11i
				,6.85074285e+11-7.14890019e+11i
				,5.51245971e+11-9.0074094e+11i
				,-4.45178593e+10-9.07418796e+11i
				,7.76627978e+10-1.02572622e+12i
				,3.25201068e+11-1.03802195e+12i},
				{3.95458707e+11-5.96175159e+11i
				,4.57389638e+11-6.38064656e+11i
				,7.2406709e+11-5.3504095e+11i
				,8.80320709e+11-4.18901885e+11i
				,9.11563489e+11+2.59420979e+11i
				,7.68441582e+11+5.14804679e+11i
				,5.78234155e+11+7.84845177e+11i
				,1.85548259e+11+9.66201967e+11i
				,-2.06411792e+11+8.24562942e+11i
				,-4.12841935e+11+5.78019131e+11i
				,-4.06411477e+11+4.64965403e+11i
				,-2.08668328e+11+4.77109158e+11i
				,-6.17824748e+10+4.70021964e+11i
				,6.55532851e+09+4.91568857e+11i
				,1.54629063e+11+4.19880567e+11i
				,3.27695729e+11+3.02532493e+11i
				,5.18213763e+11+1.86117964e+11i
				,4.0280431e+11
				,6.10029208e+11-1.27146164e+11i
				,5.52093155e+11-3.4800681e+11i
				,4.73740771e+11-4.88520745e+11i
				,9.94642985e+10-5.71053375e+11i
				,1.78136121e+11-6.20565496e+11i
				,3.28000995e+11-5.70495861e+11i},
				{1.04992965e+12-1.03668043e+12i
				,1.16085948e+12-1.12468335e+12i
				,1.67682467e+12-8.68737483e+11i
				,1.96662945e+12-5.695353e+11i
				,1.83643603e+12+8.77131071e+11i
				,1.42440871e+12+1.37818158e+12i
				,9.11903228e+11+1.85383256e+12i
				,-7.11676723e+09+2.08216379e+12i
				,-7.94986807e+11+1.61349213e+12i
				,-1.10532402e+12+9.5534488e+11i
				,-1.01661789e+12+7.15195286e+11i
				,-6.16599519e+11+7.71379823e+11i
				,-3.20997491e+11+7.86788844e+11i
				,-1.73867385e+11+8.4890452e+11i
				,1.50533767e+11+7.19305769e+11i
				,4.93677085e+11+5.2681959e+11i
				,8.27470512e+11+4.24975139e+11i
				,6.10029208e+11+1.27146164e+11i
				,1.11979109e+12
				,1.14306397e+12-4.11642495e+11i
				,1.10180539e+12-7.20966058e+11i
				,4.24210366e+11-1.04838581e+12i
				,6.17172566e+11-1.13663738e+12i
				,8.71552188e+11-1.03364297e+12i},
				{1.48529689e+12-7.0489709e+11i
				,1.62788527e+12-7.63118617e+11i
				,2.08131116e+12-3.17400351e+11i
				,2.28107328e+12+1.04922595e+11i
				,1.63080333e+12+1.59270856e+12i
				,1.00943593e+12+1.97808449e+12i
				,2.91547611e+11+2.29217403e+12i
				,-7.70500592e+11+2.19875534e+12i
				,-1.43835962e+12+1.41059188e+12i
				,-1.52055408e+12+5.87782029e+11i
				,-1.33224294e+12+3.6532319e+11i
				,-9.30371994e+11+5.60998384e+11i
				,-6.25604035e+11+6.79380517e+11i
				,-4.90022896e+11+7.97142614e+11i
				,-1.01329273e+11+7.70210333e+11i
				,3.18607491e+11+6.8788473e+11i
				,6.85074285e+11+7.14890019e+11i
				,5.52093155e+11+3.4800681e+11i
				,1.14306397e+12+4.11642495e+11i
				,1.32990619e+12
				,1.41279127e+12-3.39793117e+11i
				,8.28363571e+11-9.35264322e+11i
				,1.06640835e+12-9.61388544e+11i
				,1.29025022e+12-7.72968874e+11i},
				{1.79385913e+12-3.90046581e+11i
				,1.95959194e+12-4.26256859e+11i
				,2.34968318e+12+1.61853047e+11i
				,2.46265571e+12+6.73250607e+11i
				,1.39231442e+12+2.1464622e+12i
				,6.11289596e+11+2.41518458e+12i
				,-2.52727951e+11+2.57421633e+12i
				,-1.39364821e+12+2.20316199e+12i
				,-1.92686457e+12+1.16929633e+12i
				,-1.79830732e+12+2.41782194e+11i
				,-1.53110682e+12+4.89219441e+10i
				,-1.13847684e+12+3.53500299e+11i
				,-8.35362554e+11+5.52687829e+11i
				,-7.13698705e+11+7.14115449e+11i
				,-2.81103401e+11+7.74205407e+11i
				,1.86988921e+11+7.79236671e+11i
				,5.51245971e+11+9.0074094e+11i
				,4.73740771e+11+4.88520745e+11i
				,1.10180539e+12+7.20966058e+11i
				,1.41279127e+12+3.39793117e+11i
				,1.6022202e+12
				,1.13033019e+12-7.93573327e+11i
				,1.40009223e+12-7.65571891e+11i
				,1.59667336e+12-5.19927431e+11i},
				{1.46572182e+12+6.14539395e+11i
				,1.60301908e+12+6.69920592e+11i
				,1.58990716e+12+1.28231211e+12i
				,1.41433713e+12+1.70057479e+12i
				,-7.91805051e+10+2.21597716e+12i
				,-7.67830131e+11+2.01643839e+12i
				,-1.45851469e+12+1.69829112e+12i
				,-2.0807001e+12+8.6688904e+11i
				,-1.94217456e+12-1.30327757e+11i
				,-1.38745899e+12-7.19344108e+11i
				,-1.1038197e+12-7.21408033e+11i
				,-9.74981038e+11-3.09791031e+11i
				,-8.57977455e+11-1.7866795e+10i
				,-8.51797737e+11+1.57274472e+11i
				,-5.73537911e+11+4.15681544e+11i
				,-2.41747624e+11+6.48668971e+11i
				,-4.45178593e+10+9.07418796e+11i
				,9.94642985e+10+5.71053375e+11i
				,4.24210366e+11+1.04838581e+12i
				,8.28363571e+11+9.35264322e+11i
				,1.13033019e+12+7.93573327e+11i
				,1.19302849e+12
				,1.37131694e+12+1.53998852e+11i
				,1.39291132e+12+4.25339388e+11i},
				{1.78311214e+12+5.16998922e+11i
				,1.95032606e+12+5.5554959e+11i
				,2.02745931e+12+1.2632604e+12i
				,1.88376783e+12+1.77257369e+12i
				,2.23348244e+11+2.5904302e+12i
				,-6.08684671e+11+2.45434941e+12i
				,-1.45422234e+12+2.17788357e+12i
				,-2.29613529e+12+1.29739522e+12i
				,-2.27584193e+12+1.15921256e+11i
				,-1.70609004e+12-6.48377074e+11i
				,-1.37392449e+12-6.89044193e+11i
				,-1.16203769e+12-2.3434992e+11i
				,-9.83740056e+11+8.4165591e+10i
				,-9.489949e+11+2.87212831e+11i
				,-5.87243848e+11+5.43391908e+11i
				,-1.72307186e+11+7.59276372e+11i
				,7.76627978e+10+1.02572622e+12i
				,1.78136121e+11+6.20565496e+11i
				,6.17172566e+11+1.13663738e+12i
				,1.06640835e+12+9.61388544e+11i
				,1.40009223e+12+7.65571891e+11i
				,1.37131694e+12-1.53998852e+11i
				,1.60403266e+12
				,1.67056979e+12+3.03252734e+11i},
				{1.96608026e+12+2.07618294e+11i
				,2.15788447e+12+2.10929697e+11i
				,2.38584594e+12+9.47220906e+11i
				,2.32960714e+12+1.51200544e+12i
				,7.22143281e+11+2.69946454e+12i
				,-1.85118147e+11+2.70605169e+12i
				,-1.12379861e+12+2.57081344e+12i
				,-2.17389702e+12+1.79394996e+12i
				,-2.36710973e+12+5.41469966e+11i
				,-1.89778651e+12-3.59659602e+11i
				,-1.55672746e+12-4.57573794e+11i
				,-1.23734301e+12-1.64095939e+10i
				,-9.8281436e+11+2.84747235e+11i
				,-9.06704323e+11+4.95596405e+11i
				,-4.68366393e+11+6.98076627e+11i
				,1.80057129e+10+8.34537652e+11i
				,3.25201068e+11+1.03802195e+12i
				,3.28000995e+11+5.70495861e+11i
				,8.71552188e+11+1.03364297e+12i
				,1.29025022e+12+7.72968874e+11i
				,1.59667336e+12+5.19927431e+11i
				,1.39291132e+12-4.25339388e+11i
				,1.67056979e+12-3.03252734e+11i
				,1.8147212e+12} };


printf("                                           OUR INPUT MATRIX\n");
	for(int i=0;i<row;i++)
	{
		for(int j=0;j<column;j++)
		{
			cout<<array[i][j];
			//printf("%1.0f ",array[i][j]);
		}
		printf("\n");
	}
	decomposition(array);
	return 0;
}
